r = .27;
h = .103;
p = 2.2e-6;