A = 9.8e-4;
Bs = 9.7e-3;
Ts = 3.2;
Qs = 8.3e-3;
