q1 = 6.33E-12;
q2 = 4.6 *q2;
q3 = -3 * q1;
r = 3.5;
V = k0() *  * 