Fi = -1.60E-19 * 2500;
Fj = -1000;
F