R = 11e-2;
L = 18.8e-2;
I = 70.4e-3;
