i = 2.45e-3;
r = 3.61e-2;