a = 12e-2;
i = 8.5;